{
 "cells": [
  {
   "cell_type": "markdown",
   "id": "34c08e87-7109-4cdf-8761-1b8318036b48",
   "metadata": {},
   "source": [
    "## Step 1: Create 3 Random Matrices"
   ]
  },
  {
   "cell_type": "code",
   "execution_count": 1,
   "id": "4fcc9cb7-0e04-4eb2-a90e-cf59de81adf4",
   "metadata": {},
   "outputs": [],
   "source": [
    "import numpy as np\n",
    "\n",
    "# no fixed seed so different each run\n",
    "rang = np.random.default_rng()\n",
    "matrices = [rang.integers(-10, 11, size=(3,3)) for _ in range(3)]"
   ]
  },
  {
   "cell_type": "markdown",
   "id": "0f310dcd-660d-4af6-ba3f-3a8eb0b7a55a",
   "metadata": {},
   "source": [
    "## Step 2 & 3: Compute Inverse of Each Matrix & Check by Obtaining Identity Matrix"
   ]
  },
  {
   "cell_type": "code",
   "execution_count": 3,
   "id": "5dd2a0af-f0c8-45fc-a1f4-d3f1a52b1937",
   "metadata": {},
   "outputs": [
    {
     "name": "stdout",
     "output_type": "stream",
     "text": [
      "\n",
      "Matrix 1:\n",
      "[[ -8   5  10]\n",
      " [  2 -10  -8]\n",
      " [ -3   7  -3]]\n",
      "Inverse:\n",
      " [[-0.12320917 -0.1217765  -0.08595989]\n",
      " [-0.04297994 -0.0773639   0.06303725]\n",
      " [ 0.02292264 -0.05873926 -0.10028653]]\n",
      "Identity Matrix:\n",
      " [[ 1.  0.  0.]\n",
      " [-0.  1.  0.]\n",
      " [ 0.  0.  1.]]\n",
      "\n",
      "Matrix 2:\n",
      "[[-8 -1 -2]\n",
      " [-2 -3 -9]\n",
      " [-9  2  7]]\n",
      "Inverse:\n",
      " [[  0.33333333  -0.33333333  -0.33333333]\n",
      " [-10.55555556   8.22222222   7.55555556]\n",
      " [  3.44444444  -2.77777778  -2.44444444]]\n",
      "Identity Matrix:\n",
      " [[ 1.  0.  0.]\n",
      " [-0.  1.  0.]\n",
      " [-0. -0.  1.]]\n",
      "\n",
      "Matrix 3:\n",
      "[[-10   7   7]\n",
      " [ -7   9  -8]\n",
      " [ -9  -9  -3]]\n",
      "Inverse:\n",
      " [[-0.04203822 -0.01783439 -0.05053079]\n",
      " [ 0.02165605  0.03949045 -0.05477707]\n",
      " [ 0.0611465  -0.06496815 -0.01740977]]\n",
      "Identity Matrix:\n",
      " [[ 1.  0. -0.]\n",
      " [-0.  1.  0.]\n",
      " [-0. -0.  1.]]\n"
     ]
    }
   ],
   "source": [
    "inverses = []\n",
    "\n",
    "for i, A in enumerate(matrices, start=1):\n",
    "    print(f\"\\nMatrix {i}:\\n{A}\")\n",
    "    try:\n",
    "        A_inv = np.linalg.inv(A)\n",
    "        inverses.append(A_inv)\n",
    "        print(\"Inverse:\\n\", A_inv)\n",
    "\n",
    "        print(\"Identity Matrix:\\n\", np.round(A @ A_inv, 6))\n",
    "    except np.linalg.LinAlgError:\n",
    "        inverses.append(None)\n",
    "        print(\"Singular matrix: no inverse.\")\n"
   ]
  }
 ],
 "metadata": {
  "kernelspec": {
   "display_name": "Python 3 (ipykernel)",
   "language": "python",
   "name": "python3"
  },
  "language_info": {
   "codemirror_mode": {
    "name": "ipython",
    "version": 3
   },
   "file_extension": ".py",
   "mimetype": "text/x-python",
   "name": "python",
   "nbconvert_exporter": "python",
   "pygments_lexer": "ipython3",
   "version": "3.11.7"
  }
 },
 "nbformat": 4,
 "nbformat_minor": 5
}
